 3.300000e+01   0.000000e+00  0.00021532449523000002
 3.407692e+01   0.000000e+00  0.00023416921863999999
 3.515385e+01   0.000000e+00  0.0002481458714
 3.623077e+01   0.000000e+00  0.0002678381535
 3.730769e+01   0.000000e+00  0.00029799155029999996
 3.838462e+01   0.000000e+00  0.0003232584814
 3.946154e+01   0.000000e+00  0.0003524880057
 4.053846e+01   0.000000e+00  0.0003860847933
 4.161538e+01   0.000000e+00  0.00042027304680000005
 4.269231e+01   0.000000e+00  0.00046390812839999996
 4.376923e+01   0.000000e+00  0.0005046232929
 4.484615e+01   0.000000e+00  0.0005413012739
 4.592308e+01   0.000000e+00  0.0005974537039000001
 4.700000e+01   0.000000e+00  0.0006539802221999999
 3.300000e+01   1.111111e-01  0.00022192741004000002
 3.407692e+01   1.111111e-01  0.00023620438308
 3.515385e+01   1.111111e-01  0.00025341009840000004
 3.623077e+01   1.111111e-01  0.0002823190485
 3.730769e+01   1.111111e-01  0.00030627711199999997
 3.838462e+01   1.111111e-01  0.0003364384257
 3.946154e+01   1.111111e-01  0.0003742087473
 4.053846e+01   1.111111e-01  0.00041052874569999997
 4.161538e+01   1.111111e-01  0.0004514503669
 4.269231e+01   1.111111e-01  0.0004969843791
 4.376923e+01   1.111111e-01  0.0005579536274
 4.484615e+01   1.111111e-01  0.0006092072971
 4.592308e+01   1.111111e-01  0.0006757729848000001
 4.700000e+01   1.111111e-01  0.0007390791003
 3.300000e+01   2.222222e-01  0.00022551536771999998
 3.407692e+01   2.222222e-01  0.00024040733044999998
 3.515385e+01   2.222222e-01  0.0002613792591
 3.623077e+01   2.222222e-01  0.0002853027464
 3.730769e+01   2.222222e-01  0.0002946640098
 3.838462e+01   2.222222e-01  0.00033782026309999997
 3.946154e+01   2.222222e-01  0.000382338328
 4.053846e+01   2.222222e-01  0.00042829969320000005
 4.161538e+01   2.222222e-01  0.00046990427879999995
 4.269231e+01   2.222222e-01  0.0005166545232000001
 4.376923e+01   2.222222e-01  0.0005854737694000001
 4.484615e+01   2.222222e-01  0.0006415157853
 4.592308e+01   2.222222e-01  0.0007134327722
 4.700000e+01   2.222222e-01  0.0007897441392
 3.300000e+01   3.333333e-01  0.00022749502357
 3.407692e+01   3.333333e-01  0.00024011120025999998
 3.515385e+01   3.333333e-01  0.0002612877281
 3.623077e+01   3.333333e-01  0.0002905878342
 3.730769e+01   3.333333e-01  0.0003195272791
 3.838462e+01   3.333333e-01  0.0003540492468
 3.946154e+01   3.333333e-01  0.000381929727
 4.053846e+01   3.333333e-01  0.0004345317007
 4.161538e+01   3.333333e-01  0.0004882848755
 4.269231e+01   3.333333e-01  0.000546156366
 4.376923e+01   3.333333e-01  0.0006072046545000001
 4.484615e+01   3.333333e-01  0.0006622787599
 4.592308e+01   3.333333e-01  0.0007452969146
 4.700000e+01   3.333333e-01  0.0008421406573
 3.300000e+01   4.444444e-01  0.00022541448769
 3.407692e+01   4.444444e-01  0.00024569582555000004
 3.515385e+01   4.444444e-01  0.00026680289329999995
 3.623077e+01   4.444444e-01  0.00029482843150000003
 3.730769e+01   4.444444e-01  0.0003242658393
 3.838462e+01   4.444444e-01  0.0003574899041
 3.946154e+01   4.444444e-01  0.00040436053969999995
 4.053846e+01   4.444444e-01  0.0004458523532
 4.161538e+01   4.444444e-01  0.0005009825540999999
 4.269231e+01   4.444444e-01  0.0005590356956
 4.376923e+01   4.444444e-01  0.0006323889453
 4.484615e+01   4.444444e-01  0.0007034412942
 4.592308e+01   4.444444e-01  0.0007900669676
 4.700000e+01   4.444444e-01  nan
 3.300000e+01   5.555556e-01  0.00022231388834999998
 3.407692e+01   5.555556e-01  0.0002499650306
 3.515385e+01   5.555556e-01  0.0002718483367
 3.623077e+01   5.555556e-01  0.00029848540990000004
 3.730769e+01   5.555556e-01  0.00033399728140000003
 3.838462e+01   5.555556e-01  0.0003662904459
 3.946154e+01   5.555556e-01  0.00040996590210000004
 4.053846e+01   5.555556e-01  0.0004578996069
 4.161538e+01   5.555556e-01  0.0005156312177999999
 4.269231e+01   5.555556e-01  0.0005778659363
 4.376923e+01   5.555556e-01  0.0006502980763999999
 4.484615e+01   5.555556e-01  0.0007320242503
 4.592308e+01   5.555556e-01  0.0008251819405000001
 4.700000e+01   5.555556e-01  nan
 3.300000e+01   6.666667e-01  0.00022977310048999999
 3.407692e+01   6.666667e-01  0.00025172660244
 3.515385e+01   6.666667e-01  0.0002746510678
 3.623077e+01   6.666667e-01  0.0002975690964
 3.730769e+01   6.666667e-01  0.0003369550269
 3.838462e+01   6.666667e-01  0.0003760665789
 3.946154e+01   6.666667e-01  0.000413926178
 4.053846e+01   6.666667e-01  0.0004686500537
 4.161538e+01   6.666667e-01  0.000530070395
 4.269231e+01   6.666667e-01  0.0005966083876999999
 4.376923e+01   6.666667e-01  0.0006725370953000001
 4.484615e+01   6.666667e-01  0.0007584543687
 4.592308e+01   6.666667e-01  0.00085218866
 4.700000e+01   6.666667e-01  nan
 3.300000e+01   7.777778e-01  0.00022965838702
 3.407692e+01   7.777778e-01  0.00024945726474
 3.515385e+01   7.777778e-01  0.00027663772910000003
 3.623077e+01   7.777778e-01  0.0003051970174
 3.730769e+01   7.777778e-01  0.00034164837570000003
 3.838462e+01   7.777778e-01  0.0003862668832
 3.946154e+01   7.777778e-01  0.0004219818411
 4.053846e+01   7.777778e-01  0.0004834529204
 4.161538e+01   7.777778e-01  0.0005430877584
 4.269231e+01   7.777778e-01  0.0005994848887999999
 4.376923e+01   7.777778e-01  0.0006934055968999999
 4.484615e+01   7.777778e-01  0.0007797340121000001
 4.592308e+01   7.777778e-01  0.0008859719581000001
 4.700000e+01   7.777778e-01  nan
 3.300000e+01   8.888889e-01  0.00023300731403
 3.407692e+01   8.888889e-01  0.00022757710171
 3.515385e+01   8.888889e-01  0.0002809364879
 3.623077e+01   8.888889e-01  0.00029558716600000003
 3.730769e+01   8.888889e-01  0.0003421525294
 3.838462e+01   8.888889e-01  0.00038690344250000004
 3.946154e+01   8.888889e-01  0.000435560646
 4.053846e+01   8.888889e-01  0.000489257703
 4.161538e+01   8.888889e-01  0.0005576726311
 4.269231e+01   8.888889e-01  0.0006241611093000001
 4.376923e+01   8.888889e-01  0.0007161094377
 4.484615e+01   8.888889e-01  0.0008091548398
 4.592308e+01   8.888889e-01  0.0009195420887
 4.700000e+01   8.888889e-01  nan
 3.300000e+01   1.000000e+00  0.00022773390364000002
 3.407692e+01   1.000000e+00  0.0002546032131
 3.515385e+01   1.000000e+00  0.0002832627444
 3.623077e+01   1.000000e+00  0.00031355361610000006
 3.730769e+01   1.000000e+00  0.0003517872335
 3.838462e+01   1.000000e+00  0.0003644516575
 3.946154e+01   1.000000e+00  0.0004389034266
 4.053846e+01   1.000000e+00  0.0005044915171
 4.161538e+01   1.000000e+00  0.0005688056394
 4.269231e+01   1.000000e+00  0.0006429707358
 4.376923e+01   1.000000e+00  0.0007298592352
 4.484615e+01   1.000000e+00  0.0008361783233000001
 4.592308e+01   1.000000e+00  0.0009557700527000001
 4.700000e+01   1.000000e+00  nan
