  3.407692e+01   0.000000e+00  2.4678235010999998e-06
 3.515385e+01   0.000000e+00  3.5878947700000003e-06
 3.623077e+01   0.000000e+00  5.0416530059999995e-06
 3.730769e+01   0.000000e+00  6.6979873189999995e-06
 3.838462e+01   0.000000e+00  8.852198254000001e-06
 3.946154e+01   0.000000e+00  1.1381827762e-05
 4.053846e+01   0.000000e+00  1.3645015049999999e-05
 4.161538e+01   0.000000e+00  1.686560942e-05
 4.269231e+01   0.000000e+00  2.034561744e-05
 4.376923e+01   0.000000e+00  2.3572083710000002e-05
 4.484615e+01   0.000000e+00  2.773654404e-05
 4.592308e+01   0.000000e+00  3.1382096450000004e-05
 4.700000e+01   0.000000e+00  3.614795577e-05
 3.300000e+01   2.777778e-02  1.6343406856e-06
 3.407692e+01   2.777778e-02  2.5626052313000003e-06
 3.515385e+01   2.777778e-02  3.76569136e-06
 3.623077e+01   2.777778e-02  5.267066833e-06
 3.730769e+01   2.777778e-02  6.974358062e-06
 3.838462e+01   2.777778e-02  9.071739322999999e-06
 3.946154e+01   2.777778e-02  1.1421990872999999e-05
 4.053846e+01   2.777778e-02  1.4227567002000001e-05
 4.161538e+01   2.777778e-02  1.733126146e-05
 4.269231e+01   2.777778e-02  2.039851315e-05
 4.376923e+01   2.777778e-02  2.4170593149999997e-05
 4.484615e+01   2.777778e-02  2.786060401e-05
 4.592308e+01   2.777778e-02  3.173558422000001e-05
 4.700000e+01   2.777778e-02  3.623570077e-05
 3.300000e+01   5.555556e-02  1.6848422107e-06
 3.407692e+01   5.555556e-02  2.6195863607e-06
 3.515385e+01   5.555556e-02  3.776944643e-06
 3.623077e+01   5.555556e-02  5.320532675e-06
 3.730769e+01   5.555556e-02  7.159814032999999e-06
 3.838462e+01   5.555556e-02  9.31915619e-06
 3.946154e+01   5.555556e-02  1.1527913863e-05
 4.053846e+01   5.555556e-02  1.429549119e-05
 4.161538e+01   5.555556e-02  1.75282218e-05
 4.269231e+01   5.555556e-02  2.029198264e-05
 4.376923e+01   5.555556e-02  2.396252465e-05
 4.484615e+01   5.555556e-02  2.7538168539999996e-05
 4.592308e+01   5.555556e-02  3.160119309e-05
 4.700000e+01   5.555556e-02  3.539487844e-05
 3.300000e+01   8.333333e-02  1.6825136111000002e-06
 3.407692e+01   8.333333e-02  2.640821537e-06
 3.515385e+01   8.333333e-02  3.873291252e-06
 3.623077e+01   8.333333e-02  5.409853117e-06
 3.730769e+01   8.333333e-02  7.128046685e-06
 3.838462e+01   8.333333e-02  9.265885358000001e-06
 3.946154e+01   8.333333e-02  1.1475953704999999e-05
 4.053846e+01   8.333333e-02  1.4264559340000001e-05
 4.161538e+01   8.333333e-02  1.72598186e-05
 4.269231e+01   8.333333e-02  2.0625776780000003e-05
 4.376923e+01   8.333333e-02  2.360244528e-05
 4.484615e+01   8.333333e-02  2.7656162549999998e-05
 4.592308e+01   8.333333e-02  3.153889052e-05
 4.700000e+01   8.333333e-02  3.530190544e-05
 3.300000e+01   1.111111e-01  1.7151150277000002e-06
 3.407692e+01   1.111111e-01  2.6667012146e-06
 3.515385e+01   1.111111e-01  3.8796877e-06
 3.623077e+01   1.111111e-01  5.405312915000001e-06
 3.730769e+01   1.111111e-01  7.246747367000001e-06
 3.838462e+01   1.111111e-01  9.339214743e-06
 3.946154e+01   1.111111e-01  1.1619722886e-05
 4.053846e+01   1.111111e-01  1.40712793e-05
 4.161538e+01   1.111111e-01  1.718764998e-05
 4.269231e+01   1.111111e-01  2.0527820750000002e-05
 4.376923e+01   1.111111e-01  2.3880656020000003e-05
 4.484615e+01   1.111111e-01  2.715892478e-05
 4.592308e+01   1.111111e-01  3.1203366149999994e-05
 4.700000e+01   1.111111e-01  nan
 3.300000e+01   1.388889e-01  1.7256683707e-06
 3.407692e+01   1.388889e-01  2.7003756114e-06
 3.515385e+01   1.388889e-01  3.932330362e-06
 3.623077e+01   1.388889e-01  5.404441241e-06
 3.730769e+01   1.388889e-01  7.259800117e-06
 3.838462e+01   1.388889e-01  9.36281794e-06
 3.946154e+01   1.388889e-01  1.1576721244999999e-05
 4.053846e+01   1.388889e-01  1.424358112e-05
 4.161538e+01   1.388889e-01  1.715600572e-05
 4.269231e+01   1.388889e-01  2.039151057e-05
 4.376923e+01   1.388889e-01  2.3521410889999997e-05
 4.484615e+01   1.388889e-01  2.7459153089999996e-05
 4.592308e+01   1.388889e-01  3.115530296e-05
 4.700000e+01   1.388889e-01  nan
 3.300000e+01   1.666667e-01  1.7446870202e-06
 3.407692e+01   1.666667e-01  2.730904617e-06
 3.515385e+01   1.666667e-01  3.914848275e-06
 3.623077e+01   1.666667e-01  5.445726087e-06
 3.730769e+01   1.666667e-01  7.287480663e-06
 3.838462e+01   1.666667e-01  9.525856359e-06
 3.946154e+01   1.666667e-01  1.1604079966e-05
 4.053846e+01   1.666667e-01  1.4309252490000002e-05
 4.161538e+01   1.666667e-01  1.7093509309999997e-05
 4.269231e+01   1.666667e-01  2.000276356e-05
 4.376923e+01   1.666667e-01  2.3646898390000003e-05
 4.484615e+01   1.666667e-01  2.69179935e-05
 4.592308e+01   1.666667e-01  3.093371464e-05
 4.700000e+01   1.666667e-01  nan
 3.300000e+01   1.944444e-01  1.759442292e-06
 3.407692e+01   1.944444e-01  2.7120822523999997e-06
 3.515385e+01   1.944444e-01  3.98151064e-06
 3.623077e+01   1.944444e-01  5.481521562e-06
 3.730769e+01   1.944444e-01  7.308650164e-06
 3.838462e+01   1.944444e-01  9.411950843e-06
 3.946154e+01   1.944444e-01  1.1617112965999999e-05
 4.053846e+01   1.944444e-01  1.429308515e-05
 4.161538e+01   1.944444e-01  1.709970786e-05
 4.269231e+01   1.944444e-01  2.013899258e-05
 4.376923e+01   1.944444e-01  2.362864567e-05
 4.484615e+01   1.944444e-01  2.7007901509999997e-05
 4.592308e+01   1.944444e-01  3.048504844e-05
 4.700000e+01   1.944444e-01  nan
 3.300000e+01   2.222222e-01  1.767717896e-06
 3.407692e+01   2.222222e-01  2.7424695544e-06
 3.515385e+01   2.222222e-01  3.9491219609999995e-06
 3.623077e+01   2.222222e-01  5.518144839e-06
 3.730769e+01   2.222222e-01  7.285201232e-06
 3.838462e+01   2.222222e-01  9.413699199000001e-06
 3.946154e+01   2.222222e-01  1.1878705085e-05
 4.053846e+01   2.222222e-01  1.4314693960000001e-05
 4.161538e+01   2.222222e-01  1.706250336e-05
 4.269231e+01   2.222222e-01  1.997296773e-05
 4.376923e+01   2.222222e-01  2.3515429619999997e-05
 4.484615e+01   2.222222e-01  2.704838029e-05
 4.592308e+01   2.222222e-01  3.001128668e-05
 4.700000e+01   2.222222e-01  nan
 3.300000e+01   2.500000e-01  1.7986163548999999e-06
 3.407692e+01   2.500000e-01  2.7617072585e-06
 3.515385e+01   2.500000e-01  4.025965329e-06
 3.623077e+01   2.500000e-01  5.5039742840000005e-06
 3.730769e+01   2.500000e-01  7.2930636390000004e-06
 3.838462e+01   2.500000e-01  9.484116490999998e-06
 3.946154e+01   2.500000e-01  1.1656217419000001e-05
 4.053846e+01   2.500000e-01  1.441042294e-05
 4.161538e+01   2.500000e-01  1.702941453e-05
 4.269231e+01   2.500000e-01  1.981548902e-05
 4.376923e+01   2.500000e-01  2.319548227e-05
 4.484615e+01   2.500000e-01  2.661372354e-05
 4.592308e+01   2.500000e-01  3.01430487e-05
 4.700000e+01   2.500000e-01  nan
 4.700000e+01   2.500000e-01  nan
