  3.515385e+01   -9.102845e+02  nan
 3.623077e+01   -8.832272e+02  nan
 3.730769e+01   -8.577320e+02  nan
 3.838462e+01   -8.336673e+02  nan
 3.946154e+01   -8.109162e+02  nan
 4.053846e+01   -7.893738e+02  nan
 4.161538e+01   -7.689464e+02  nan
 4.269231e+01   -7.495495e+02  nan
 4.376923e+01   -7.311072e+02  nan
 4.484615e+01   0.000000e+00  8.168989994729499e-15
 4.592308e+01   0.000000e+00  4.2072636940969994e-11
 4.700000e+01   0.000000e+00  7.498370173970001e-10
 3.300000e+01   -9.696970e+02  nan
 3.407692e+01   -9.390519e+02  nan
 3.515385e+01   -9.102845e+02  nan
 3.623077e+01   -8.832272e+02  nan
 3.730769e+01   -8.577320e+02  nan
 3.838462e+01   -8.336673e+02  nan
 3.946154e+01   -8.109162e+02  nan
 4.053846e+01   -7.893738e+02  nan
 4.161538e+01   -7.689464e+02  nan
 4.269231e+01   -7.495495e+02  nan
 4.376923e+01   -7.311072e+02  nan
 4.484615e+01   2.777778e-02  1.2190133833518e-11
 4.592308e+01   2.777778e-02  5.300757214539999e-10
 4.700000e+01   2.777778e-02  3.989193847720001e-09
 3.300000e+01   -9.696970e+02  nan
 3.407692e+01   -9.390519e+02  nan
 3.515385e+01   -9.102845e+02  nan
 3.623077e+01   -8.832272e+02  nan
 3.730769e+01   -8.577320e+02  nan
 3.838462e+01   -8.336673e+02  nan
 3.946154e+01   -8.109162e+02  nan
 4.053846e+01   -7.893738e+02  nan
 4.161538e+01   -7.689464e+02  nan
 4.269231e+01   -7.495495e+02  nan
 4.376923e+01   5.555556e-02  4.1597810262631e-16
 4.484615e+01   5.555556e-02  4.751433662411e-11
 4.592308e+01   5.555556e-02  1.09586604761e-09
 4.700000e+01   5.555556e-02  6.75819400066e-09
 3.300000e+01   -9.696970e+02  nan
 3.407692e+01   -9.390519e+02  nan
 3.515385e+01   -9.102845e+02  nan
 3.623077e+01   -8.832272e+02  nan
 3.730769e+01   -8.577320e+02  nan
 3.838462e+01   -8.336673e+02  nan
 3.946154e+01   -8.109162e+02  nan
 4.053846e+01   -7.893738e+02  nan
 4.161538e+01   -7.689464e+02  nan
 4.269231e+01   -7.495495e+02  nan
 4.376923e+01   8.333333e-02  4.4194359045985993e-14
 4.484615e+01   8.333333e-02  1.076446040071e-10
 4.592308e+01   8.333333e-02  1.814989196014e-09
 4.700000e+01   8.333333e-02  9.730684247891704e-09
 3.300000e+01   -9.696970e+02  nan
 3.407692e+01   -9.390519e+02  nan
 3.515385e+01   -9.102845e+02  nan
 3.623077e+01   -8.832272e+02  nan
 3.730769e+01   -8.577320e+02  nan
 3.838462e+01   -8.336673e+02  nan
 3.946154e+01   -8.109162e+02  nan
 4.053846e+01   -7.893738e+02  nan
 4.161538e+01   -7.689464e+02  nan
 4.269231e+01   -7.495495e+02  nan
 4.376923e+01   1.111111e-01  3.6986012167362e-13
 4.484615e+01   1.111111e-01  1.93131029627e-10
 4.592308e+01   1.111111e-01  2.5665574357e-09
 4.700000e+01   1.111111e-01  nan
 3.300000e+01   -9.696970e+02  nan
 3.407692e+01   -9.390519e+02  nan
 3.515385e+01   -9.102845e+02  nan
 3.623077e+01   -8.832272e+02  nan
 3.730769e+01   -8.577320e+02  nan
 3.838462e+01   -8.336673e+02  nan
 3.946154e+01   -8.109162e+02  nan
 4.053846e+01   -7.893738e+02  nan
 4.161538e+01   -7.689464e+02  nan
 4.269231e+01   -7.495495e+02  nan
 4.376923e+01   1.388889e-01  1.3995954566164e-12
 4.484615e+01   1.388889e-01  3.0437111801829997e-10
 4.592308e+01   1.388889e-01  3.43811679002e-09
 4.700000e+01   1.388889e-01  nan
 3.300000e+01   -9.696970e+02  nan
 3.407692e+01   -9.390519e+02  nan
 3.515385e+01   -9.102845e+02  nan
 3.623077e+01   -8.832272e+02  nan
 3.730769e+01   -8.577320e+02  nan
 3.838462e+01   -8.336673e+02  nan
 3.946154e+01   -8.109162e+02  nan
 4.053846e+01   -7.893738e+02  nan
 4.161538e+01   -7.689464e+02  nan
 4.269231e+01   -7.495495e+02  nan
 4.376923e+01   1.666667e-01  3.6476923838371e-12
 4.484615e+01   1.666667e-01  4.484726836824e-10
 4.592308e+01   1.666667e-01  4.52820550408e-09
 4.700000e+01   1.666667e-01  nan
 3.300000e+01   -9.696970e+02  nan
 3.407692e+01   -9.390519e+02  nan
 3.515385e+01   -9.102845e+02  nan
 3.623077e+01   -8.832272e+02  nan
 3.730769e+01   -8.577320e+02  nan
 3.838462e+01   -8.336673e+02  nan
 3.946154e+01   -8.109162e+02  nan
 4.053846e+01   -7.893738e+02  nan
 4.161538e+01   -7.689464e+02  nan
 4.269231e+01   -7.495495e+02  nan
 4.376923e+01   1.944444e-01  7.4737589309e-12
 4.484615e+01   1.944444e-01  6.22316758016e-10
 4.592308e+01   1.944444e-01  5.56153530173e-09
 4.700000e+01   1.944444e-01  nan
 3.300000e+01   -9.696970e+02  nan
 3.407692e+01   -9.390519e+02  nan
 3.515385e+01   -9.102845e+02  nan
 3.623077e+01   -8.832272e+02  nan
 3.730769e+01   -8.577320e+02  nan
 3.838462e+01   -8.336673e+02  nan
 3.946154e+01   -8.109162e+02  nan
 4.053846e+01   -7.893738e+02  nan
 4.161538e+01   -7.689464e+02  nan
 4.269231e+01   -7.495495e+02  nan
 4.376923e+01   2.222222e-01  1.3483992204422998e-11
 4.484615e+01   2.222222e-01  8.01047806456e-10
 4.592308e+01   2.222222e-01  6.859346600469999e-09
 4.700000e+01   2.222222e-01  nan
 3.300000e+01   -9.696970e+02  nan
 3.407692e+01   -9.390519e+02  nan
 3.515385e+01   -9.102845e+02  nan
 3.623077e+01   -8.832272e+02  nan
 3.730769e+01   -8.577320e+02  nan
 3.838462e+01   -8.336673e+02  nan
 3.946154e+01   -8.109162e+02  nan
 4.053846e+01   -7.893738e+02  nan
 4.161538e+01   -7.689464e+02  nan
 4.269231e+01   -7.495495e+02  nan
 4.376923e+01   2.500000e-01  2.193642697416e-11
 4.484615e+01   2.500000e-01  1.025727577378e-09
 4.592308e+01   2.500000e-01  7.97873072565e-09
 4.700000e+01   2.500000e-01  nan
 4.700000e+01   2.500000e-01  nan
 4.700000e+01   2.500000e-01  nan
