0.000000	0.000000	0.000000	0.000000	0.000000	0.000000	0.000000	0.000000
0.000000	0.000000	0.000000	0.000000	0.000000	0.000000	0.000000	0.000000
0.000000	0.000000	0.000000	0.000000	0.000000	0.000000	0.000000	0.000000
0.000000	0.000000	0.000000	0.000000	0.000000	0.000000	0.000000	0.000000
0.000000	0.000000	0.000000	0.000000	0.000000	0.000000	0.000000	0.000000
0.000000	0.000000	0.000000	0.000000	0.000000	0.000000	0.000000	0.000000
0.000000	0.000000	0.000000	0.000000	0.000000	0.000000	0.000000	0.000000
0.000000	0.000000	0.000000	0.000000	0.000000	0.000000	0.000000	0.000000
0.000000	0.000000	0.000000	0.000000	0.000000	0.000000	0.000000	0.000000
0.000000	0.000000	0.000000	0.000000	0.000000	0.000000	0.000000	0.000000
0.000000	0.000000	0.000000	0.000000	0.000000	0.000000	0.000000	0.000000
0.000000	0.000000	0.000000	0.000000	0.000000	0.000000	0.000000	0.000000
0.000000	0.000000	0.000000	0.000000	0.000000	0.000000	0.000000	0.000000
0.000000	0.000000	0.000000	0.000000	0.000000	0.000000	0.000000	0.000000
0.000000	0.000000	0.000000	0.000000	0.000000	0.000000	0.000000	0.000000
0.000000	0.000000	0.000000	0.000000	0.000000	0.000000	0.000000	0.000000
0.000000	0.000000	0.000000	0.000000	0.000000	0.000000	0.000000	0.000000
0.000000	0.000000	0.000000	0.000000	0.000000	0.000000	0.000000	0.000000
0.000000	0.000000	0.000000	0.000000	0.000000	0.000000	0.000000	0.000000
0.000000	0.000000	0.000000	0.000000	0.000000	0.000000	0.000000	0.000000
0.000000	0.000000	0.000000	0.000000	0.000000	0.000000	0.000000	0.000000
0.000000	0.000000	0.000000	0.000000	0.000000	0.000000	0.000000	0.000000
0.000000	0.000000	0.000000	0.000559	0.000000	0.000000	0.000000	0.000000
0.000000	0.000000	0.000000	0.007871	0.000000	0.000000	0.000000	0.000000
0.000000	0.000000	0.000000	0.038556	0.000000	0.000000	0.000000	0.000000
0.000000	0.000000	0.000000	0.116200	0.000239	0.000000	0.000000	0.000000
0.000000	0.000000	0.000000	0.270490	0.001518	0.000000	0.000000	0.000000
0.000000	0.000000	0.000000	0.537180	0.004494	0.000000	0.000000	0.000000
0.000000	0.000000	0.000000	0.937820	0.009984	0.000000	0.000000	0.000000
0.000000	0.000000	0.000000	1.503500	0.018803	0.000000	0.000000	0.000000
0.000000	0.000000	0.000000	2.266100	0.031057	0.000000	0.000000	0.000000
0.000000	0.000000	0.000000	3.257300	0.049005	0.000000	0.000000	0.000000
0.000000	0.000000	0.000000	4.525800	0.073350	0.000000	0.000000	0.000000
0.000000	0.000000	0.000000	6.142400	0.109330	0.000000	0.000000	0.000000
0.000000	0.000000	0.000000	8.244200	0.172570	0.000000	0.000000	0.000000
0.000000	0.000000	0.000000	11.475000	0.351830	0.000000	0.000000	0.000000
0.000000	0.000000	108.650000	22.061000	3.056900	0.000000	0.000000	0.000000
0.000000	0.000000	265.930000	32.584000	7.831200	0.000000	0.000000	0.000000
0.000000	0.000000	322.260000	35.651000	9.974400	0.000000	0.000000	0.000000
0.000000	0.000000	347.470000	38.171000	11.183000	0.000000	0.000000	0.000000
0.000000	0.000000	356.940000	39.750000	11.718000	0.000000	0.000000	0.000000
0.000000	0.000000	357.420000	41.052000	11.751000	0.000000	0.000000	0.000000
0.000000	0.000000	352.540000	42.386000	12.053000	0.000000	0.000000	0.000000
0.000000	0.000000	344.400000	42.490000	12.055000	0.000000	0.000000	0.000000
0.000000	0.000000	334.350000	44.935000	11.654000	0.000000	0.000000	0.000000
0.000000	0.000000	323.200000	45.773000	11.719000	0.000000	0.000000	0.000000
0.000000	0.000000	311.510000	47.581000	11.430000	0.000000	0.000000	0.000000
0.000000	0.000000	299.680000	49.615000	11.322000	0.000000	0.000000	0.000000
0.000000	0.000001	287.920000	52.190000	11.183000	0.000000	0.000000	0.000000
0.000000	0.000001	276.400000	54.217000	10.868000	0.000000	0.000000	0.000000
0.000000	0.000003	265.210000	56.357000	10.712000	0.000001	0.000000	0.000000
0.000000	0.000005	254.450000	58.547000	10.461000	0.000002	0.000000	0.000000
0.000000	0.000009	244.110000	61.343000	10.320000	0.000003	0.000000	0.000000
0.000000	0.000014	234.210000	63.713000	10.225000	0.000005	0.000000	0.000000
0.000000	0.000022	224.790000	66.085000	10.154000	0.000009	0.000000	0.000000
0.000000	0.000034	215.830000	69.527000	9.857200	0.000014	0.000000	0.000000
0.000000	0.000053	207.300000	73.586000	9.837100	0.000025	0.000000	0.000000
0.000483	0.000120	199.210000	76.903000	9.746800	0.000063	0.000000	0.000000
0.004978	0.000411	191.520000	80.229000	9.629100	0.000210	0.000000	0.000000
0.013037	0.000940	184.220000	83.356000	9.547900	0.000464	0.000000	0.000000
0.023557	0.001652	177.300000	86.068000	9.369400	0.000784	0.000000	0.000000
0.035591	0.002471	170.730000	90.004000	9.454300	0.001156	0.000000	0.000000
0.048601	0.003396	164.500000	93.878000	9.456900	0.001540	0.000000	0.000000
0.062070	0.004363	158.570000	97.143000	9.126400	0.001993	0.000000	0.000000
0.075653	0.005312	152.950000	100.880000	9.110100	0.002428	0.000000	0.000000
0.089062	0.006275	147.610000	105.150000	8.990000	0.002852	0.000000	0.000000
0.102150	0.007253	142.520000	108.870000	9.116300	0.003275	0.000000	0.000000
0.114460	0.008258	137.690000	113.830000	8.997600	0.003715	0.000000	0.000000
0.126530	0.009095	133.100000	117.040000	9.093800	0.004100	0.000000	0.000000
0.137910	0.010292	128.710000	121.120000	9.115200	0.004436	0.000000	0.000000
0.148670	0.011168	124.530000	125.900000	9.011400	0.004807	0.000000	0.000000
0.158780	0.012177	120.570000	129.550000	9.060800	0.005104	0.000000	0.000000
0.168240	0.012917	116.780000	133.810000	9.122700	0.005298	0.000000	0.000000
0.177020	0.014058	113.160000	137.360000	9.090000	0.005649	0.000000	0.000000
0.185110	0.014903	109.650000	140.890000	9.126900	0.005849	0.000000	0.000000
0.192650	0.015717	106.400000	145.210000	9.155400	0.006155	0.000000	0.000000
0.199540	0.016413	103.240000	149.490000	9.095000	0.006565	0.000000	0.000000
0.205870	0.017350	100.220000	153.430000	9.180300	0.006688	0.000000	0.000000
0.211630	0.018203	97.331000	157.370000	9.243300	0.006939	0.000000	0.000000
0.217030	0.018837	94.564000	161.580000	9.108800	0.007114	0.022130	0.000000
0.221880	0.019753	91.913000	165.700000	9.243700	0.007279	0.091619	0.000000
0.226290	0.020563	89.369000	170.550000	9.319400	0.007316	0.195450	0.000000
0.230290	0.021309	86.931000	172.570000	9.307600	0.007564	0.326150	0.000000
0.233930	0.022148	84.591000	178.720000	9.326100	0.007754	0.475050	0.000000
0.237080	0.022928	82.346000	182.860000	9.342600	0.007837	0.637360	0.000000
0.239920	0.023829	80.188000	186.770000	9.407400	0.007910	0.809950	0.000000
0.242430	0.024659	78.114000	190.930000	9.348700	0.008071	0.981680	0.000000
0.244630	0.025268	76.120000	194.940000	9.420400	0.008142	1.155200	0.000000
0.246600	0.026148	74.201000	199.520000	9.389400	0.008169	1.333200	0.000000
0.248280	0.027093	72.357000	203.690000	9.431000	0.008325	1.503800	0.000000
0.249740	0.028121	70.578000	207.700000	9.529300	0.008440	1.674900	0.000000
0.251000	0.028539	68.866000	210.290000	9.570200	0.008467	1.822400	0.000000
0.251970	0.029797	67.209000	215.680000	9.599200	0.008546	2.003500	0.000000
0.252760	0.030722	65.619000	218.840000	9.630900	0.008637	2.171400	0.000000
0.253380	0.031449	64.089000	223.570000	9.594800	0.008780	2.300700	0.000000
0.253800	0.032515	62.602000	228.970000	9.591500	0.008725	2.440200	0.000000
0.254090	0.033785	61.172000	233.050000	9.765000	0.008782	2.577600	0.000000
0.254240	0.034889	59.790000	237.640000	9.678900	0.008814	2.703900	0.000000
0.254260	0.035969	58.456000	242.550000	9.703600	0.008912	2.816600	0.000000
0.254130	0.036899	57.171000	245.620000	9.681500	0.008922	2.920900	0.000000
0.253860	0.037893	55.923000	250.230000	9.767900	0.008969	3.016500	0.000001
0.253600	0.039328	54.714000	254.100000	9.658000	0.008856	3.097700	0.000008
0.253160	0.040440	53.548000	257.930000	9.775200	0.009004	3.196400	0.000027
0.252560	0.041775	52.417000	262.080000	9.770500	0.008991	3.285600	0.000065
0.252030	0.042680	51.323000	266.140000	9.832700	0.009092	3.368200	0.000127
0.251390	0.043787	50.262000	268.200000	9.777800	0.009190	3.436700	0.000217
0.250630	0.045166	49.235000	274.170000	9.825100	0.009118	3.508200	0.000337
0.249810	0.046127	48.240000	278.600000	9.780400	0.009207	3.573000	0.000488
0.248980	0.048176	47.274000	282.460000	9.821900	0.009216	3.630200	0.000671
0.247970	0.049224	46.338000	286.440000	9.852700	0.009114	3.686700	0.000891
0.246990	0.051122	45.429000	290.500000	9.902400	0.009193	3.724000	0.001141
0.246020	0.051576	44.547000	294.850000	9.956800	0.009264	3.758100	0.001426
0.244960	0.053652	43.689000	299.190000	9.940300	0.009350	3.802400	0.001734
0.243860	0.055188	42.858000	302.410000	9.837400	0.009204	3.831300	0.002078
0.242740	0.056612	42.051000	305.850000	9.835200	0.009268	3.862800	0.002438
0.241620	0.058514	41.265000	309.920000	9.952200	0.009350	3.890800	0.002823
0.240430	0.059934	40.503000	314.020000	9.852500	0.009331	3.916500	0.003233
0.239250	0.061305	39.762000	317.770000	9.947900	0.009434	3.936300	0.003665
0.238020	0.063386	39.041000	321.560000	9.919200	0.009420	3.958700	0.004118
0.236750	0.065990	38.340000	325.720000	9.788700	0.009510	3.974000	0.004590
0.235510	0.067362	37.657000	326.070000	9.920800	0.009420	3.987300	0.005057
0.234200	0.068330	36.995000	333.720000	9.879700	0.009428	3.999500	0.005533
0.232970	0.069783	36.349000	337.860000	9.892100	0.009447	4.013700	0.006032
0.231680	0.072817	35.719000	341.560000	9.818800	0.009387	4.017100	0.006560
0.230410	0.074397	35.106000	345.530000	9.935800	0.009541	4.018900	0.007072
0.229090	0.076491	34.508000	348.390000	9.789200	0.009575	4.018200	0.007592
0.227780	0.078955	33.927000	353.080000	9.891700	0.009562	4.018300	0.008115
0.226450	0.080010	33.359000	353.690000	9.882100	0.009554	4.017300	0.008646
0.225120	0.082785	32.806000	357.430000	9.827200	0.009608	4.015300	0.009165
0.223870	0.084979	32.267000	361.140000	9.752300	0.009556	4.009500	0.009708
0.222490	0.085560	31.742000	368.040000	9.785100	0.009628	4.005600	0.010238
0.221100	0.088085	31.229000	368.580000	9.760000	0.009618	3.997800	0.010769
0.219710	0.091800	30.728000	372.370000	9.723300	0.009673	3.986100	0.011293
0.218330	0.093592	30.240000	376.280000	9.735400	0.009727	3.975200	0.011778
0.217020	0.096061	29.763000	379.950000	9.751300	0.009716	3.967200	0.012278
0.215730	0.097029	29.297000	383.680000	9.645900	0.009657	3.961000	0.012772
0.214390	0.101160	28.843000	387.390000	9.527900	0.009819	3.943200	0.013277
0.213070	0.100890	28.399000	390.980000	9.582700	0.009845	3.927000	0.013730
0.211750	0.104790	27.966000	394.570000	9.574000	0.009824	3.915300	0.014229
0.210440	0.106300	27.542000	397.920000	9.583800	0.009864	3.904100	0.014692
0.209130	0.108090	27.128000	404.650000	9.594300	0.009904	3.891400	0.015047
0.207860	0.111670	26.725000	408.280000	9.591500	0.009868	3.875200	0.015507
0.206520	0.115380	26.328000	408.890000	9.490500	0.009899	3.860100	0.015944
0.205240	0.117570	25.943000	412.140000	9.447900	0.009799	3.845800	0.016354
0.203960	0.116500	25.564000	415.630000	9.413500	0.009797	3.832800	0.016769
0.202710	0.118480	25.194000	422.550000	9.405700	0.009901	3.813700	0.016991
0.201450	0.123880	24.833000	422.940000	9.317300	0.009920	3.796400	0.017437
0.200230	0.126810	24.480000	429.680000	9.352800	0.009927	3.778700	0.017854
0.198950	0.128250	24.133000	429.760000	9.321300	0.009858	3.759500	0.018210
0.197710	0.132430	23.794000	433.090000	9.251800	0.010095	3.739400	0.018607
0.196490	0.135220	23.463000	440.210000	9.166000	0.010061	3.725500	0.018929
0.195260	0.137960	23.138000	443.680000	9.146000	0.010023	3.703000	0.019283
0.194060	0.140310	22.820000	443.320000	9.175900	0.009982	3.686800	0.019587
0.192860	0.143700	22.508000	446.900000	9.056700	0.010054	3.664500	0.019935
0.191650	0.146230	22.203000	453.790000	9.084500	0.009996	3.639900	0.020253
0.190490	0.147180	21.904000	453.580000	9.041600	0.009958	3.623500	0.020554
0.189260	0.153510	21.612000	456.990000	8.960800	0.010059	3.601300	0.020848
0.188100	0.155480	21.325000	460.350000	8.929000	0.010127	3.582700	0.021099
0.186950	0.158270	21.044000	463.690000	8.983800	0.010176	3.559700	0.021369
0.185820	0.161640	20.768000	470.340000	8.834300	0.010144	3.539500	0.021630
0.184670	0.163290	20.499000	470.540000	8.749300	0.010097	3.520200	0.021884
0.183560	0.169270	20.234000	477.010000	8.808900	0.010284	3.496600	0.022128
0.182400	0.171060	19.973000	477.160000	8.693900	0.010227	3.477400	0.022374
0.181300	0.174100	19.719000	480.310000	8.692400	0.010207	3.465900	0.022575
0.180200	0.177090	19.469000	483.650000	8.651100	0.010114	3.443600	0.022781
0.179130	0.179440	19.224000	486.940000	8.511100	0.010140	3.422900	0.022978
0.178040	0.183410	18.984000	489.190000	8.555000	0.010183	3.392300	0.023176
0.176980	0.187300	18.748000	493.390000	8.431900	0.010239	3.379700	0.023372
0.175890	0.192430	18.516000	496.760000	8.379000	0.010236	3.350100	0.023542
0.174800	0.192660	18.290000	499.820000	8.358200	0.010288	3.321700	0.023737
0.173770	0.196650	18.067000	503.090000	8.353000	0.010162	3.307300	0.023870
0.172750	0.201170	17.847000	505.570000	8.211300	0.010249	3.295400	0.024037
0.171690	0.202990	17.633000	509.340000	8.185300	0.010372	3.265700	0.024172
0.170720	0.206610	17.422000	512.580000	8.180000	0.010265	3.245400	0.024304
0.169720	0.210710	17.214000	519.520000	8.124400	0.010215	3.211100	0.024443
0.168750	0.216030	17.011000	522.720000	8.067900	0.010260	3.192100	0.024574
0.167750	0.219090	16.811000	525.580000	8.001100	0.010145	3.172700	0.024726
0.166780	0.220010	16.615000	528.650000	7.932300	0.010214	3.163500	0.024846
0.165780	0.223320	16.422000	531.770000	7.888200	0.010196	3.145600	0.024919
0.164790	0.231180	16.233000	534.870000	7.799100	0.010154	3.125100	0.025009
0.163840	0.234740	16.046000	534.400000	7.779500	0.010283	3.105200	0.025094
0.162910	0.237220	15.863000	541.150000	7.732700	0.010123	3.090800	0.025167
0.161960	0.241670	15.684000	544.270000	7.683300	0.010145	3.070800	0.025258
0.161040	0.242820	15.507000	546.400000	7.616800	0.010202	3.045000	0.025358
0.160140	0.246870	15.333000	549.520000	7.576700	0.010276	3.025700	0.025411
0.159160	0.252290	15.163000	552.790000	7.487300	0.010166	3.011700	0.025485
0.158270	0.256260	14.994000	552.590000	7.467600	0.010235	2.984100	0.025546
0.157390	0.259220	14.830000	558.590000	7.440100	0.010249	2.965600	0.025606
0.156450	0.265550	14.666000	558.780000	7.404400	0.010204	2.947500	0.025661
0.155570	0.270600	14.506000	561.940000	7.368500	0.010168	2.928700	0.025718
0.154750	0.271960	14.349000	568.380000	7.320400	0.010159	2.909800	0.025772
0.153870	0.274230	14.195000	567.280000	7.285400	0.010318	2.894600	0.025795
0.153080	0.282160	14.043000	574.220000	7.178600	0.010233	2.875300	0.025826
0.152220	0.285380	13.894000	577.150000	7.103800	0.010140	2.857500	0.025853
0.151340	0.290190	13.746000	580.080000	7.132200	0.010158	2.833700	0.025861
0.150490	0.294190	13.601000	583.000000	7.058200	0.010180	2.820400	0.025904
0.149660	0.298090	13.459000	581.830000	7.025800	0.010093	2.796200	0.025925
0.148790	0.298080	13.318000	585.510000	6.943800	0.010194	2.779200	0.025941
0.147980	0.303200	13.180000	588.360000	6.892100	0.010259	2.767200	0.025931
0.147150	0.306430	13.044000	594.520000	6.854900	0.010259	2.748000	0.025959
