 3.300000e+01   0.000000e+00  0.00036597955906
 3.407692e+01   0.000000e+00  0.00039039569312
 3.515385e+01   0.000000e+00  0.00042107282893999996
 3.623077e+01   0.000000e+00  0.00045947605175
 3.730769e+01   0.000000e+00  0.0004946056318300001
 3.838462e+01   0.000000e+00  0.0005184447746700001
 3.946154e+01   0.000000e+00  0.00056091459157
 4.053846e+01   0.000000e+00  0.00057764709425
 4.161538e+01   0.000000e+00  0.0006246187847999999
 4.269231e+01   0.000000e+00  0.00064942235259
 4.376923e+01   0.000000e+00  0.00067508696885
 4.484615e+01   0.000000e+00  0.00070781086451
 4.592308e+01   0.000000e+00  0.00073538515838
 4.700000e+01   0.000000e+00  0.00076503842951
 3.300000e+01   1.111111e-01  0.00035205857162
 3.407692e+01   1.111111e-01  0.0003883541799
 3.515385e+01   1.111111e-01  0.00041686786013999993
 3.623077e+01   1.111111e-01  0.00044951621913
 3.730769e+01   1.111111e-01  0.00047831641647
 3.838462e+01   1.111111e-01  0.0005127798743
 3.946154e+01   1.111111e-01  0.0005459044058
 4.053846e+01   1.111111e-01  0.0005736168082000001
 4.161538e+01   1.111111e-01  0.0005989638157100001
 4.269231e+01   1.111111e-01  0.0006301352413
 4.376923e+01   1.111111e-01  0.0006721454457
 4.484615e+01   1.111111e-01  0.000694364129
 4.592308e+01   1.111111e-01  0.0007238814377000001
 4.700000e+01   1.111111e-01  0.0007337815227
 3.300000e+01   2.222222e-01  0.00035418050305999996
 3.407692e+01   2.222222e-01  0.00038489251651
 3.515385e+01   2.222222e-01  0.0004125092525
 3.623077e+01   2.222222e-01  0.00044396100531999996
 3.730769e+01   2.222222e-01  0.00046988870091
 3.838462e+01   2.222222e-01  0.0005027776534000001
 3.946154e+01   2.222222e-01  0.0005324403793
 4.053846e+01   2.222222e-01  0.0005656666978
 4.161538e+01   2.222222e-01  0.0005995697169999999
 4.269231e+01   2.222222e-01  0.0006301419553
 4.376923e+01   2.222222e-01  0.0006673176101
 4.484615e+01   2.222222e-01  0.0006938769603
 4.592308e+01   2.222222e-01  0.0007201470628
 4.700000e+01   2.222222e-01  0.0007432388077
 3.300000e+01   3.333333e-01  0.00035859097088000003
 3.407692e+01   3.333333e-01  0.00038373062525
 3.515385e+01   3.333333e-01  0.0004130464193
 3.623077e+01   3.333333e-01  0.0004488838419
 3.730769e+01   3.333333e-01  0.00047640387430000005
 3.838462e+01   3.333333e-01  0.0005036168073
 3.946154e+01   3.333333e-01  0.0005419316628999999
 4.053846e+01   3.333333e-01  0.0005676261223
 4.161538e+01   3.333333e-01  0.00059837446
 4.269231e+01   3.333333e-01  0.0006289522297
 4.376923e+01   3.333333e-01  0.0006454822962
 4.484615e+01   3.333333e-01  0.0006865263185
 4.592308e+01   3.333333e-01  0.0007114271357
 4.700000e+01   3.333333e-01  0.0007402551406
 3.300000e+01   4.444444e-01  0.00035743188104999995
 3.407692e+01   4.444444e-01  0.00038854726859
 3.515385e+01   4.444444e-01  0.00041359913633000003
 3.623077e+01   4.444444e-01  0.00044458365629999994
 3.730769e+01   4.444444e-01  0.0004762197347
 3.838462e+01   4.444444e-01  0.0004986287876999999
 3.946154e+01   4.444444e-01  0.0005409695316
 4.053846e+01   4.444444e-01  0.0005670953786
 4.161538e+01   4.444444e-01  0.000593551848
 4.269231e+01   4.444444e-01  0.0006214183137
 4.376923e+01   4.444444e-01  0.0006588628131
 4.484615e+01   4.444444e-01  0.0006884656809000001
 4.592308e+01   4.444444e-01  0.0007183120283999999
 4.700000e+01   4.444444e-01  nan
 3.300000e+01   5.555556e-01  0.00035691935742
 3.407692e+01   5.555556e-01  0.00038547053429
 3.515385e+01   5.555556e-01  0.00041669777312000004
 3.623077e+01   5.555556e-01  0.0004396270306
 3.730769e+01   5.555556e-01  0.0004746754356
 3.838462e+01   5.555556e-01  0.0005069119853
 3.946154e+01   5.555556e-01  0.0005378437538
 4.053846e+01   5.555556e-01  0.0005673495652000001
 4.161538e+01   5.555556e-01  0.0006069252656
 4.269231e+01   5.555556e-01  0.000627424736
 4.376923e+01   5.555556e-01  0.0006632396602000001
 4.484615e+01   5.555556e-01  0.0006829919896
 4.592308e+01   5.555556e-01  0.0007171158197
 4.700000e+01   5.555556e-01  nan
 3.300000e+01   6.666667e-01  0.00035457851421
 3.407692e+01   6.666667e-01  0.00038736886175
 3.515385e+01   6.666667e-01  0.00041228182093
 3.623077e+01   6.666667e-01  0.00045175166949999995
 3.730769e+01   6.666667e-01  0.0004831185508
 3.838462e+01   6.666667e-01  0.0005067437035
 3.946154e+01   6.666667e-01  0.0005399127108999999
 4.053846e+01   6.666667e-01  0.0005809466053
 4.161538e+01   6.666667e-01  0.000607221651
 4.269231e+01   6.666667e-01  0.0006368898526
 4.376923e+01   6.666667e-01  0.0006621701378
 4.484615e+01   6.666667e-01  0.0006916610320000001
 4.592308e+01   6.666667e-01  0.0007295135123
 4.700000e+01   6.666667e-01  nan
 3.300000e+01   7.777778e-01  0.00035657652937
 3.407692e+01   7.777778e-01  0.00038893748973999997
 3.515385e+01   7.777778e-01  0.00041663492894999997
 3.623077e+01   7.777778e-01  0.00045526404319999993
 3.730769e+01   7.777778e-01  0.00047687401220000003
 3.838462e+01   7.777778e-01  0.0005061592925
 3.946154e+01   7.777778e-01  0.0005429358269
 4.053846e+01   7.777778e-01  0.0005730715407
 4.161538e+01   7.777778e-01  0.0006071692694
 4.269231e+01   7.777778e-01  0.0006363555084
 4.376923e+01   7.777778e-01  0.0006656756810999999
 4.484615e+01   7.777778e-01  0.0007064282959000001
 4.592308e+01   7.777778e-01  0.0007301488406
 4.700000e+01   7.777778e-01  nan
 3.300000e+01   8.888889e-01  0.00035488520510999994
 3.407692e+01   8.888889e-01  0.00038794169319
 3.515385e+01   8.888889e-01  0.00041734936855
 3.623077e+01   8.888889e-01  0.00045554493269999997
 3.730769e+01   8.888889e-01  0.0004782650378
 3.838462e+01   8.888889e-01  0.0005148466442
 3.946154e+01   8.888889e-01  0.0005452298925000001
 4.053846e+01   8.888889e-01  0.0005755605046
 4.161538e+01   8.888889e-01  0.0006030163857
 4.269231e+01   8.888889e-01  0.0006368598789
 4.376923e+01   8.888889e-01  0.0006696426681999999
 4.484615e+01   8.888889e-01  0.0007084485882
 4.592308e+01   8.888889e-01  0.0007321038992000001
 4.700000e+01   8.888889e-01  nan
 3.300000e+01   1.000000e+00  0.00035021572891000003
 3.407692e+01   1.000000e+00  0.00038889175314
 3.515385e+01   1.000000e+00  0.0004199067512
 3.623077e+01   1.000000e+00  0.0004533562077
 3.730769e+01   1.000000e+00  0.0004865927233
 3.838462e+01   1.000000e+00  0.000514714369
 3.946154e+01   1.000000e+00  0.0005443567639
 4.053846e+01   1.000000e+00  0.0005740823387
 4.161538e+01   1.000000e+00  0.0006085370612999999
 4.269231e+01   1.000000e+00  0.0006473147438000001
 4.376923e+01   1.000000e+00  0.0006765609018000001
 4.484615e+01   1.000000e+00  0.0007185172742
 4.592308e+01   1.000000e+00  0.0007451844271000001
 4.700000e+01   1.000000e+00  nan
