
  3.515385e+01   0.000000e+00  2.6733818897200002e-05
 3.623077e+01   0.000000e+00  3.211879136929999e-05
 3.730769e+01   0.000000e+00  3.8982695541e-05
 3.838462e+01   0.000000e+00  4.5813111651000006e-05
 3.946154e+01   0.000000e+00  5.316177691499999e-05
 4.053846e+01   0.000000e+00  5.9936784793e-05
 4.161538e+01   0.000000e+00  6.8734264092e-05
 4.269231e+01   0.000000e+00  7.639195862e-05
 4.376923e+01   0.000000e+00  8.5559915746e-05
 4.484615e+01   0.000000e+00  9.349709774899999e-05
 4.592308e+01   0.000000e+00  0.000101679908076
 4.700000e+01   0.000000e+00  0.000111030314277
 3.300000e+01   2.777778e-02  1.82500690376e-05
 3.407692e+01   2.777778e-02  2.3873737522e-05
 3.515385e+01   2.777778e-02  3.0401914026999998e-05
 3.623077e+01   2.777778e-02  3.7281728727e-05
 3.730769e+01   2.777778e-02  4.4270209473999996e-05
 3.838462e+01   2.777778e-02  5.3097744296e-05
 3.946154e+01   2.777778e-02  6.1652460348e-05
 4.053846e+01   2.777778e-02  7.104658564300001e-05
 4.161538e+01   2.777778e-02  8.020842983200002e-05
 4.269231e+01   2.777778e-02  9.038856125399998e-05
 4.376923e+01   2.777778e-02  0.000101543029017
 4.484615e+01   2.777778e-02  0.00011308439698
 4.592308e+01   2.777778e-02  0.00012480369031000002
 4.700000e+01   2.777778e-02  0.00013682142556
 3.300000e+01   5.555556e-02  1.93240801434e-05
 3.407692e+01   5.555556e-02  2.5211760140600004e-05
 3.515385e+01   5.555556e-02  3.1982246629e-05
 3.623077e+01   5.555556e-02  3.9306632653e-05
 3.730769e+01   5.555556e-02  4.7047727234999995e-05
 3.838462e+01   5.555556e-02  5.6072335600999994e-05
 3.946154e+01   5.555556e-02  6.506028568199999e-05
 4.053846e+01   5.555556e-02  7.5309851163e-05
 4.161538e+01   5.555556e-02  8.635170191e-05
 4.269231e+01   5.555556e-02  9.7454694312e-05
 4.376923e+01   5.555556e-02  0.00010974161656999999
 4.484615e+01   5.555556e-02  0.00012198445397000001
 4.592308e+01   5.555556e-02  0.00013488002378
 4.700000e+01   5.555556e-02  0.00014879482217
 3.300000e+01   8.333333e-02  2.00002282804e-05
 3.407692e+01   8.333333e-02  2.60666603037e-05
 3.515385e+01   8.333333e-02  3.3130037056e-05
 3.623077e+01   8.333333e-02  4.0877031063000007e-05
 3.730769e+01   8.333333e-02  4.8973111535000006e-05
 3.838462e+01   8.333333e-02  5.8438069116000004e-05
 3.946154e+01   8.333333e-02  6.8682842658e-05
 4.053846e+01   8.333333e-02  7.974682977999999e-05
 4.161538e+01   8.333333e-02  8.978787895300001e-05
 4.269231e+01   8.333333e-02  0.00010233319264799998
 4.376923e+01   8.333333e-02  0.00011563974737
 4.484615e+01   8.333333e-02  0.00012847645832
 4.592308e+01   8.333333e-02  0.00014228959365
 4.700000e+01   8.333333e-02  0.0001579302197
 3.300000e+01   1.111111e-01  2.0593946789200003e-05
 3.407692e+01   1.111111e-01  2.67689436106e-05
 3.515385e+01   1.111111e-01  3.3997911018e-05
 3.623077e+01   1.111111e-01  4.2094859795e-05
 3.730769e+01   1.111111e-01  5.1349253778e-05
 3.838462e+01   1.111111e-01  6.0983576777e-05
 3.946154e+01   1.111111e-01  7.0976698356e-05
 4.053846e+01   1.111111e-01  8.1567164662e-05
 4.161538e+01   1.111111e-01  9.4691330293e-05
 4.269231e+01   1.111111e-01  0.00010744074476
 4.376923e+01   1.111111e-01  0.00011953606066
 4.484615e+01   1.111111e-01  0.00013519284368
 4.592308e+01   1.111111e-01  0.00014938064297
 4.700000e+01   1.111111e-01  nan
 3.300000e+01   1.388889e-01  2.11570755002e-05
 3.407692e+01   1.388889e-01  2.76740590618e-05
 3.515385e+01   1.388889e-01  3.4784418129e-05
 3.623077e+01   1.388889e-01  4.3131561349e-05
 3.730769e+01   1.388889e-01  5.2347015374000005e-05
 3.838462e+01   1.388889e-01  6.1898401548e-05
 3.946154e+01   1.388889e-01  7.2783006958e-05
 4.053846e+01   1.388889e-01  8.469844788100001e-05
 4.161538e+01   1.388889e-01  9.694230651700001e-05
 4.269231e+01   1.388889e-01  0.0001115739754
 4.376923e+01   1.388889e-01  0.00012463022242
 4.484615e+01   1.388889e-01  0.00013963916251
 4.592308e+01   1.388889e-01  0.00015580626757
 4.700000e+01   1.388889e-01  nan
 3.300000e+01   1.666667e-01  2.15551750725e-05
 3.407692e+01   1.666667e-01  2.7886907706899997e-05
 3.515385e+01   1.666667e-01  3.5637555869e-05
 3.623077e+01   1.666667e-01  4.4376493748e-05
 3.730769e+01   1.666667e-01  5.3290685860000005e-05
 3.838462e+01   1.666667e-01  6.343090929e-05
 3.946154e+01   1.666667e-01  7.4622300087e-05
 4.053846e+01   1.666667e-01  8.723725665399999e-05
 4.161538e+01   1.666667e-01  9.947511215099999e-05
 4.269231e+01   1.666667e-01  0.00011375346051000001
 4.376923e+01   1.666667e-01  0.00012880590984
 4.484615e+01   1.666667e-01  0.00014394225017000002
 4.592308e+01   1.666667e-01  0.00016115031439000002
 4.700000e+01   1.666667e-01  nan
 3.300000e+01   1.944444e-01  2.20159313366e-05
 3.407692e+01   1.944444e-01  2.85950106755e-05
 3.515385e+01   1.944444e-01  3.6532802658e-05
 3.623077e+01   1.944444e-01  4.5150512517000004e-05
 3.730769e+01   1.944444e-01  5.4822832639e-05
 3.838462e+01   1.944444e-01  6.5484353905e-05
 3.946154e+01   1.944444e-01  7.6370105643e-05
 4.053846e+01   1.944444e-01  8.9314414208e-05
 4.161538e+01   1.944444e-01  0.00010244800935799999
 4.269231e+01   1.944444e-01  0.00011704934491
 4.376923e+01   1.944444e-01  0.00013199405707999998
 4.484615e+01   1.944444e-01  0.00014940550371
 4.592308e+01   1.944444e-01  0.00016628091775999998
 4.700000e+01   1.944444e-01  nan
 3.300000e+01   2.222222e-01  2.24076549318e-05
 3.407692e+01   2.222222e-01  2.88796561078e-05
 3.515385e+01   2.222222e-01  3.7109133848e-05
 3.623077e+01   2.222222e-01  4.5744660645e-05
 3.730769e+01   2.222222e-01  5.5676816824e-05
 3.838462e+01   2.222222e-01  6.6597142661e-05
 3.946154e+01   2.222222e-01  7.8551685514e-05
 4.053846e+01   2.222222e-01  9.100447184000001e-05
 4.161538e+01   2.222222e-01  0.00010472117551400001
 4.269231e+01   2.222222e-01  0.00012069480894
 4.376923e+01   2.222222e-01  0.00013607103543
 4.484615e+01   2.222222e-01  0.00015299560561
 4.592308e+01   2.222222e-01  0.00017116708361
 4.700000e+01   2.222222e-01  nan
 3.300000e+01   2.500000e-01  2.26392577785e-05
 3.407692e+01   2.500000e-01  2.9670307637e-05
 3.515385e+01   2.500000e-01  3.7931868952e-05
 3.623077e+01   2.500000e-01  4.6905659305000005e-05
 3.730769e+01   2.500000e-01  5.7275017312e-05
 3.838462e+01   2.500000e-01  6.8523384374e-05
 3.946154e+01   2.500000e-01  8.021254252900001e-05
 4.053846e+01   2.500000e-01  9.390589320499998e-05
 4.161538e+01   2.500000e-01  0.00010666738313
 4.269231e+01   2.500000e-01  0.00012273533034
 4.376923e+01   2.500000e-01  0.0001389669565
 4.484615e+01   2.500000e-01  0.00015786245489999998
 4.592308e+01   2.500000e-01  0.00017532222594
 4.700000e+01   2.500000e-01  nan
 4.700000e+01   2.500000e-01  nan
 4.700000e+01   2.500000e-01  nan
