 3.300000e+01   0.000000e+00  0.0035799869338510003
 3.407692e+01   0.000000e+00  0.0036176065556999997
 3.515385e+01   0.000000e+00  0.0038711597422029995
 3.623077e+01   0.000000e+00  0.0039981902408
 3.730769e+01   0.000000e+00  0.00405612519087
 3.838462e+01   0.000000e+00  0.00435413963191
 3.946154e+01   0.000000e+00  0.0045047718676
 4.053846e+01   0.000000e+00  0.00473257329984
 4.161538e+01   0.000000e+00  0.004913864574769999
 4.269231e+01   0.000000e+00  0.00514580150246
 4.376923e+01   0.000000e+00  0.00533506715659
 4.484615e+01   0.000000e+00  0.0055206120063600005
 4.592308e+01   0.000000e+00  0.005800157710979999
 4.700000e+01   0.000000e+00  0.00602552919803
 3.300000e+01   1.111111e-01  0.0036155923552219998
 3.407692e+01   1.111111e-01  0.003613255114556
 3.515385e+01   1.111111e-01  0.00398188676878
 3.623077e+01   1.111111e-01  0.00411689962597
 3.730769e+01   1.111111e-01  0.00425552705656
 3.838462e+01   1.111111e-01  0.00450712279952
 3.946154e+01   1.111111e-01  0.00473917316134
 4.053846e+01   1.111111e-01  0.00491665494853
 4.161538e+01   1.111111e-01  0.00515713666318
 4.269231e+01   1.111111e-01  0.00541290881674
 4.376923e+01   1.111111e-01  0.00565423266768
 4.484615e+01   1.111111e-01  0.00595550006472
 4.592308e+01   1.111111e-01  0.0062091767246
 4.700000e+01   1.111111e-01  0.00644030532038
 3.300000e+01   2.222222e-01  0.0036579231178450002
 3.407692e+01   2.222222e-01  0.003650053669145
 3.515385e+01   2.222222e-01  0.00400725750989
 3.623077e+01   2.222222e-01  0.00413027167357
 3.730769e+01   2.222222e-01  0.004397561066950001
 3.838462e+01   2.222222e-01  0.00439330387183
 3.946154e+01   2.222222e-01  0.0047731838977099995
 4.053846e+01   2.222222e-01  0.00504260236978
 4.161538e+01   2.222222e-01  0.00522194147593
 4.269231e+01   2.222222e-01  0.00532956068306
 4.376923e+01   2.222222e-01  0.00582494902763
 4.484615e+01   2.222222e-01  0.00608381830502
 4.592308e+01   2.222222e-01  0.00649375438708
 4.700000e+01   2.222222e-01  0.006783451663539999
 3.300000e+01   3.333333e-01  0.003700973990492
 3.407692e+01   3.333333e-01  0.003861240601102
 3.515385e+01   3.333333e-01  0.00403816053838
 3.623077e+01   3.333333e-01  0.00411113479616
 3.730769e+01   3.333333e-01  0.00425926707721
 3.838462e+01   3.333333e-01  0.0046673829845
 3.946154e+01   3.333333e-01  0.00484761072181
 4.053846e+01   3.333333e-01  0.00514441027509
 4.161538e+01   3.333333e-01  0.00538945631614
 4.269231e+01   3.333333e-01  0.00565825927415
 4.376923e+01   3.333333e-01  0.00597623357181
 4.484615e+01   3.333333e-01  0.006186719955709999
 4.592308e+01   3.333333e-01  0.006671176423640001
 4.700000e+01   3.333333e-01  0.00703397812719
 3.300000e+01   4.444444e-01  0.0037422204747250003
 3.407692e+01   4.444444e-01  0.003882241786155
 3.515385e+01   4.444444e-01  0.0040613140091
 3.623077e+01   4.444444e-01  0.0041939474718
 3.730769e+01   4.444444e-01  0.00448583707269
 3.838462e+01   4.444444e-01  0.004677991898440001
 3.946154e+01   4.444444e-01  0.00497985358272
 4.053846e+01   4.444444e-01  0.00517258209466
 4.161538e+01   4.444444e-01  0.00557769215603
 4.269231e+01   4.444444e-01  0.00583275327834
 4.376923e+01   4.444444e-01  0.0061620693100099995
 4.484615e+01   4.444444e-01  0.00645489962792
 4.592308e+01   4.444444e-01  0.006805575264720001
 4.700000e+01   4.444444e-01  nan
 3.300000e+01   5.555556e-01  0.003722033576329
 3.407692e+01   5.555556e-01  0.003901368804366
 3.515385e+01   5.555556e-01  0.00410587492583
 3.623077e+01   5.555556e-01  0.004301255187689999
 3.730769e+01   5.555556e-01  0.00455206613704
 3.838462e+01   5.555556e-01  0.00477065974194
 3.946154e+01   5.555556e-01  0.005038182638849999
 4.053846e+01   5.555556e-01  0.005319233201710001
 4.161538e+01   5.555556e-01  0.00560931001649
 4.269231e+01   5.555556e-01  0.00594279642877
 4.376923e+01   5.555556e-01  0.00629584314104
 4.484615e+01   5.555556e-01  0.00671762125606
 4.592308e+01   5.555556e-01  0.0070893749806400005
 4.700000e+01   5.555556e-01  nan
 3.300000e+01   6.666667e-01  0.0037512442706460003
 3.407692e+01   6.666667e-01  0.00391260127081
 3.515385e+01   6.666667e-01  0.004070688632999999
 3.623077e+01   6.666667e-01  0.00435408151943
 3.730769e+01   6.666667e-01  0.00460263003261
 3.838462e+01   6.666667e-01  0.004787298498170001
 3.946154e+01   6.666667e-01  0.00513626658563
 4.053846e+01   6.666667e-01  0.0054251564792900005
 4.161538e+01   6.666667e-01  0.00572127653676
 4.269231e+01   6.666667e-01  0.00608620351417
 4.376923e+01   6.666667e-01  0.006456161426630001
 4.484615e+01   6.666667e-01  0.00682535562591
 4.592308e+01   6.666667e-01  0.00738322991361
 4.700000e+01   6.666667e-01  nan
 3.300000e+01   7.777778e-01  0.003672384163196
 3.407692e+01   7.777778e-01  0.004009341950253
 3.515385e+01   7.777778e-01  0.00414190324292
 3.623077e+01   7.777778e-01  0.0043773191684
 3.730769e+01   7.777778e-01  0.00463443425379
 3.838462e+01   7.777778e-01  0.004870721936099999
 3.946154e+01   7.777778e-01  0.00519804933098
 4.053846e+01   7.777778e-01  0.00548838713033
 4.161538e+01   7.777778e-01  0.00581577381554
 4.269231e+01   7.777778e-01  0.00627505619785
 4.376923e+01   7.777778e-01  0.0065898752055299995
 4.484615e+01   7.777778e-01  0.0070947999747
 4.592308e+01   7.777778e-01  0.007573702430919999
 4.700000e+01   7.777778e-01  nan
 3.300000e+01   8.888889e-01  0.0037959086938080004
 3.407692e+01   8.888889e-01  0.0038692265190100007
 3.515385e+01   8.888889e-01  0.00417497124456
 3.623077e+01   8.888889e-01  0.00443914865223
 3.730769e+01   8.888889e-01  0.00468702904246
 3.838462e+01   8.888889e-01  0.00493006151004
 3.946154e+01   8.888889e-01  0.00522543081399
 4.053846e+01   8.888889e-01  0.00560430865751
 4.161538e+01   8.888889e-01  0.0059491818612
 4.269231e+01   8.888889e-01  0.00629768653822
 4.376923e+01   8.888889e-01  0.00672634056103
 4.484615e+01   8.888889e-01  0.00717305647611
 4.592308e+01   8.888889e-01  0.0077120748130200005
 4.700000e+01   8.888889e-01  nan
 3.300000e+01   1.000000e+00  0.0038187926513979994
 3.407692e+01   1.000000e+00  0.00398569180293
 3.515385e+01   1.000000e+00  0.00422374145054
 3.623077e+01   1.000000e+00  0.00432349277166
 3.730769e+01   1.000000e+00  0.004728796107680001
 3.838462e+01   1.000000e+00  0.00504346966013
 3.946154e+01   1.000000e+00  0.00536968501484
 4.053846e+01   1.000000e+00  0.00566219430124
 4.161538e+01   1.000000e+00  0.0060062973922599995
 4.269231e+01   1.000000e+00  0.0064909372648
 4.376923e+01   1.000000e+00  0.0068788457698499995
 4.484615e+01   1.000000e+00  0.00743102365671
 4.592308e+01   1.000000e+00  0.00797931772787
 4.700000e+01   1.000000e+00  nan
