 3.300000e+01   0.000000e+00  0.00113113440462
 3.407692e+01   0.000000e+00  0.0011784482914
 3.515385e+01   0.000000e+00  0.0012339699751
 3.623077e+01   0.000000e+00  0.00131347611596
 3.730769e+01   0.000000e+00  0.00135872624669
 3.838462e+01   0.000000e+00  0.00139936067606
 3.946154e+01   0.000000e+00  0.001461973554
 4.053846e+01   0.000000e+00  0.0015297680807099998
 4.161538e+01   0.000000e+00  0.00156408246451
 4.269231e+01   0.000000e+00  0.00161573532273
 4.376923e+01   0.000000e+00  0.00168165915188
 4.484615e+01   0.000000e+00  0.00170964037161
 4.592308e+01   0.000000e+00  0.0017690150468
 4.700000e+01   0.000000e+00  0.0018048314539799999
 3.300000e+01   1.111111e-01  0.00111218978383
 3.407692e+01   1.111111e-01  0.00117113699529
 3.515385e+01   1.111111e-01  0.0012120077788900002
 3.623077e+01   1.111111e-01  0.0012740309348400001
 3.730769e+01   1.111111e-01  0.00132524451965
 3.838462e+01   1.111111e-01  0.0013820758215
 3.946154e+01   1.111111e-01  0.00142391803398
 4.053846e+01   1.111111e-01  0.00146152705138
 4.161538e+01   1.111111e-01  0.00150980332211
 4.269231e+01   1.111111e-01  0.0015797497869399998
 4.376923e+01   1.111111e-01  0.00162170939812
 4.484615e+01   1.111111e-01  0.00164993361739
 4.592308e+01   1.111111e-01  0.0016897437032599998
 4.700000e+01   1.111111e-01  0.0017291238019900002
 3.300000e+01   2.222222e-01  0.00108293076299
 3.407692e+01   2.222222e-01  0.0011628533854899999
 3.515385e+01   2.222222e-01  0.00121844823689
 3.623077e+01   2.222222e-01  0.00126701067935
 3.730769e+01   2.222222e-01  0.00130462360308
 3.838462e+01   2.222222e-01  0.00137483486101
 3.946154e+01   2.222222e-01  0.00141262848485
 4.053846e+01   2.222222e-01  0.00146286008107
 4.161538e+01   2.222222e-01  0.00152340577496
 4.269231e+01   2.222222e-01  0.00156861890483
 4.376923e+01   2.222222e-01  0.0016014488827799998
 4.484615e+01   2.222222e-01  0.0016609044200999999
 4.592308e+01   2.222222e-01  0.00169031513948
 4.700000e+01   2.222222e-01  0.00172649126014
 3.300000e+01   3.333333e-01  0.00110124138085
 3.407692e+01   3.333333e-01  0.00114587493944
 3.515385e+01   3.333333e-01  0.00120569536821
 3.623077e+01   3.333333e-01  0.00126238904406
 3.730769e+01   3.333333e-01  0.00131583309028
 3.838462e+01   3.333333e-01  0.00136273293243
 3.946154e+01   3.333333e-01  0.001421676917
 4.053846e+01   3.333333e-01  0.001447722007
 4.161538e+01   3.333333e-01  0.00152261244468
 4.269231e+01   3.333333e-01  0.00156028524644
 4.376923e+01   3.333333e-01  0.00159358856032
 4.484615e+01   3.333333e-01  0.0016275533334800002
 4.592308e+01   3.333333e-01  0.00167653542668
 4.700000e+01   3.333333e-01  0.00171905242814
 3.300000e+01   4.444444e-01  0.0010984997861200002
 3.407692e+01   4.444444e-01  0.0011530625724
 3.515385e+01   4.444444e-01  0.00121418519383
 3.623077e+01   4.444444e-01  0.00125853845195
 3.730769e+01   4.444444e-01  0.00129921229962
 3.838462e+01   4.444444e-01  0.00136087217915
 3.946154e+01   4.444444e-01  0.0014128091463799998
 4.053846e+01   4.444444e-01  0.0014554101999799999
 4.161538e+01   4.444444e-01  0.00150024554763
 4.269231e+01   4.444444e-01  0.0015442449054999998
 4.376923e+01   4.444444e-01  0.0016064223094499998
 4.484615e+01   4.444444e-01  0.0016430054132699997
 4.592308e+01   4.444444e-01  0.0017111352681899999
 4.700000e+01   4.444444e-01  nan
 3.300000e+01   5.555556e-01  0.0010994887416000002
 3.407692e+01   5.555556e-01  0.00116068516535
 3.515385e+01   5.555556e-01  0.00120915415118
 3.623077e+01   5.555556e-01  0.00125083943671
 3.730769e+01   5.555556e-01  0.0013110126943
 3.838462e+01   5.555556e-01  0.00135260633007
 3.946154e+01   5.555556e-01  0.00141032885029
 4.053846e+01   5.555556e-01  0.00146498103065
 4.161538e+01   5.555556e-01  0.00151138332193
 4.269231e+01   5.555556e-01  0.0015525536703800001
 4.376923e+01   5.555556e-01  0.0016058885590700001
 4.484615e+01   5.555556e-01  0.00163823556278
 4.592308e+01   5.555556e-01  0.0016927173973099998
 4.700000e+01   5.555556e-01  nan
 3.300000e+01   6.666667e-01  0.00110497930335
 3.407692e+01   6.666667e-01  0.00116262345272
 3.515385e+01   6.666667e-01  0.00121139598368
 3.623077e+01   6.666667e-01  0.0012601589105999999
 3.730769e+01   6.666667e-01  0.00131180421015
 3.838462e+01   6.666667e-01  0.0013569154208200001
 3.946154e+01   6.666667e-01  0.00142428712504
 4.053846e+01   6.666667e-01  0.0014461812187699999
 4.161538e+01   6.666667e-01  0.0015213466897899999
 4.269231e+01   6.666667e-01  0.00156221704846
 4.376923e+01   6.666667e-01  0.00161160789478
 4.484615e+01   6.666667e-01  0.0016639725738600002
 4.592308e+01   6.666667e-01  0.0017147485001499999
 4.700000e+01   6.666667e-01  nan
 3.300000e+01   7.777778e-01  0.0011174111242000001
 3.407692e+01   7.777778e-01  0.0011594637984599998
 3.515385e+01   7.777778e-01  0.00121851617052
 3.623077e+01   7.777778e-01  0.00126757786378
 3.730769e+01   7.777778e-01  0.00131566291189
 3.838462e+01   7.777778e-01  0.0013786356623
 3.946154e+01   7.777778e-01  0.00142667933352
 4.053846e+01   7.777778e-01  0.00146956145324
 4.161538e+01   7.777778e-01  0.00151673522381
 4.269231e+01   7.777778e-01  0.0015840180693700002
 4.376923e+01   7.777778e-01  0.0016179580329799999
 4.484615e+01   7.777778e-01  0.00167156452845
 4.592308e+01   7.777778e-01  0.0017282052945100002
 4.700000e+01   7.777778e-01  nan
 3.300000e+01   8.888889e-01  0.0010974193388099999
 3.407692e+01   8.888889e-01  0.00116103138958
 3.515385e+01   8.888889e-01  0.00119602675213
 3.623077e+01   8.888889e-01  0.00129033025806
 3.730769e+01   8.888889e-01  0.0013083321731
 3.838462e+01   8.888889e-01  0.0013725855838
 3.946154e+01   8.888889e-01  0.00140847730965
 4.053846e+01   8.888889e-01  0.00146529045424
 4.161538e+01   8.888889e-01  0.0015280052312
 4.269231e+01   8.888889e-01  0.0015831108610700002
 4.376923e+01   8.888889e-01  0.0016307409237
 4.484615e+01   8.888889e-01  0.0016919778189800002
 4.592308e+01   8.888889e-01  0.0017190035284899998
 4.700000e+01   8.888889e-01  nan
 3.300000e+01   1.000000e+00  0.0010961798056600002
 3.407692e+01   1.000000e+00  0.00115030228372
 3.515385e+01   1.000000e+00  0.00121246564811
 3.623077e+01   1.000000e+00  0.00128032881284
 3.730769e+01   1.000000e+00  0.00133504259148
 3.838462e+01   1.000000e+00  0.0013790052452099999
 3.946154e+01   1.000000e+00  0.0014339619473999997
 4.053846e+01   1.000000e+00  0.00148375387336
 4.161538e+01   1.000000e+00  0.0015268364069099998
 4.269231e+01   1.000000e+00  0.0016046809684
 4.376923e+01   1.000000e+00  0.0016192525738299999
 4.484615e+01   1.000000e+00  0.00170542112848
 4.592308e+01   1.000000e+00  0.0017364421749
 4.700000e+01   1.000000e+00  nan
