  3.300000e+01   0.000000e+00  0.00024216251787330002
 3.407692e+01   0.000000e+00  0.000262802654368
 3.515385e+01   0.000000e+00  0.00028529312057
 3.623077e+01   0.000000e+00  0.000306793312106
 3.730769e+01   0.000000e+00  0.000328291844225
 3.838462e+01   0.000000e+00  0.000347539340055
 3.946154e+01   0.000000e+00  0.000367109699543
 4.053846e+01   0.000000e+00  0.000386644377385
 4.161538e+01   0.000000e+00  0.00040748159363
 4.269231e+01   0.000000e+00  0.000423464839585
 4.376923e+01   0.000000e+00  0.000439850898428
 4.484615e+01   0.000000e+00  0.000458339096582
 4.592308e+01   0.000000e+00  0.000472076352131
 4.700000e+01   0.000000e+00  0.000495062857902
 3.300000e+01   1.111111e-01  0.000262705082908
 3.407692e+01   1.111111e-01  0.000286382960778
 3.515385e+01   1.111111e-01  0.000307704400882
 3.623077e+01   1.111111e-01  0.000335377981481
 3.730769e+01   1.111111e-01  0.000359700192446
 3.838462e+01   1.111111e-01  0.00038464128803
 3.946154e+01   1.111111e-01  0.00040568595861
 4.053846e+01   1.111111e-01  0.00042954996303000003
 4.161538e+01   1.111111e-01  0.00045673016255
 4.269231e+01   1.111111e-01  0.00047953809248
 4.376923e+01   1.111111e-01  0.0005036339271800001
 4.484615e+01   1.111111e-01  0.00052783873802
 4.592308e+01   1.111111e-01  0.00055543465812
 4.700000e+01   1.111111e-01  0.00057815129145
 3.300000e+01   2.222222e-01  0.00026879864433
 3.407692e+01   2.222222e-01  0.000295774250966
 3.515385e+01   2.222222e-01  0.00032024750477899997
 3.623077e+01   2.222222e-01  0.000346703159024
 3.730769e+01   2.222222e-01  0.000370257104326
 3.838462e+01   2.222222e-01  0.00039795261115999997
 3.946154e+01   2.222222e-01  0.00042752974036
 4.053846e+01   2.222222e-01  0.00045035828077
 4.161538e+01   2.222222e-01  0.00047833177331
 4.269231e+01   2.222222e-01  0.00050368620106
 4.376923e+01   2.222222e-01  0.00053412771532
 4.484615e+01   2.222222e-01  0.00055893907748
 4.592308e+01   2.222222e-01  0.00058683773701
 4.700000e+01   2.222222e-01  0.0006139872802200001
 3.300000e+01   3.333333e-01  0.000274401291776
 3.407692e+01   3.333333e-01  0.00030183524133
 3.515385e+01   3.333333e-01  0.000328377894305
 3.623077e+01   3.333333e-01  0.000355430586676
 3.730769e+01   3.333333e-01  0.000387026437619
 3.838462e+01   3.333333e-01  0.00041277725786
 3.946154e+01   3.333333e-01  0.0004352404829
 4.053846e+01   3.333333e-01  0.00046970881695
 4.161538e+01   3.333333e-01  0.00049463763497
 4.269231e+01   3.333333e-01  0.00052282243224
 4.376923e+01   3.333333e-01  0.0005507310200300001
 4.484615e+01   3.333333e-01  0.00058055337254
 4.592308e+01   3.333333e-01  0.0006130053064399999
 4.700000e+01   3.333333e-01  0.00064187015568
 3.300000e+01   4.444444e-01  0.000280354018687
 3.407692e+01   4.444444e-01  0.000305413940358
 3.515385e+01   4.444444e-01  0.00033964015139
 3.623077e+01   4.444444e-01  0.000363957071332
 3.730769e+01   4.444444e-01  0.000391356030502
 3.838462e+01   4.444444e-01  0.00042489979165
 3.946154e+01   4.444444e-01  0.00044982552832
 4.053846e+01   4.444444e-01  0.00048027514148
 4.161538e+01   4.444444e-01  0.0005072460889
 4.269231e+01   4.444444e-01  0.00054100176168
 4.376923e+01   4.444444e-01  0.00057034044451
 4.484615e+01   4.444444e-01  0.00060022853684
 4.592308e+01   4.444444e-01  0.00063548526493
 4.700000e+01   4.444444e-01  nan
 3.300000e+01   5.555556e-01  0.00028352797260400005
 3.407692e+01   5.555556e-01  0.000310184066826
 3.515385e+01   5.555556e-01  0.000338463435677
 3.623077e+01   5.555556e-01  0.000367033071221
 3.730769e+01   5.555556e-01  0.00039686562799
 3.838462e+01   5.555556e-01  0.0004313921402
 3.946154e+01   5.555556e-01  0.00045843986742999995
 4.053846e+01   5.555556e-01  0.00049128409836
 4.161538e+01   5.555556e-01  0.00051917009882
 4.269231e+01   5.555556e-01  0.0005491679273700001
 4.376923e+01   5.555556e-01  0.00058377601007
 4.484615e+01   5.555556e-01  0.0006172662789199999
 4.592308e+01   5.555556e-01  0.00065085160032
 4.700000e+01   5.555556e-01  nan
 3.300000e+01   6.666667e-01  0.00028666442815400005
 3.407692e+01   6.666667e-01  0.00031521854516
 3.515385e+01   6.666667e-01  0.00034343371683099997
 3.623077e+01   6.666667e-01  0.000377921114073
 3.730769e+01   6.666667e-01  0.00040131030746999997
 3.838462e+01   6.666667e-01  0.00043644086025999997
 3.946154e+01   6.666667e-01  0.00046577325377
 4.053846e+01   6.666667e-01  0.00049591561843
 4.161538e+01   6.666667e-01  0.00053400332554
 4.269231e+01   6.666667e-01  0.00055920109005
 4.376923e+01   6.666667e-01  0.00059851042395
 4.484615e+01   6.666667e-01  0.0006333371823000001
 4.592308e+01   6.666667e-01  0.00066287048509
 4.700000e+01   6.666667e-01  nan
 3.300000e+01   7.777778e-01  0.000289916873629
 3.407692e+01   7.777778e-01  0.000318782274604
 3.515385e+01   7.777778e-01  0.000349137981493
 3.623077e+01   7.777778e-01  0.00037760938989
 3.730769e+01   7.777778e-01  0.00041060387299
 3.838462e+01   7.777778e-01  0.00044394537284999996
 3.946154e+01   7.777778e-01  0.00047356081831
 4.053846e+01   7.777778e-01  0.0005050944804399999
 4.161538e+01   7.777778e-01  0.00053827002085
 4.269231e+01   7.777778e-01  0.00057424656231
 4.376923e+01   7.777778e-01  0.00060913036604
 4.484615e+01   7.777778e-01  0.0006469097875
 4.592308e+01   7.777778e-01  0.00068036130301
 4.700000e+01   7.777778e-01  nan
 3.300000e+01   8.888889e-01  0.00029218667225100004
 3.407692e+01   8.888889e-01  0.00031924267916500003
 3.515385e+01   8.888889e-01  0.00035027725994599997
 3.623077e+01   8.888889e-01  0.000383411145305
 3.730769e+01   8.888889e-01  0.00041454859215000003
 3.838462e+01   8.888889e-01  0.00044566979591000006
 3.946154e+01   8.888889e-01  0.00047904462627999995
 4.053846e+01   8.888889e-01  0.00051656491887
 4.161538e+01   8.888889e-01  0.00054610616719
 4.269231e+01   8.888889e-01  0.00058039939756
 4.376923e+01   8.888889e-01  0.00062093302621
 4.484615e+01   8.888889e-01  0.0006570291531
 4.592308e+01   8.888889e-01  0.00069448562475
 4.700000e+01   8.888889e-01  nan
 3.300000e+01   1.000000e+00  0.000295112641974
 3.407692e+01   1.000000e+00  0.00032409340355600005
 3.515385e+01   1.000000e+00  0.00035760358916300003
 3.623077e+01   1.000000e+00  0.000391452085121
 3.730769e+01   1.000000e+00  0.00042132702809
 3.838462e+01   1.000000e+00  0.0004532691163
 3.946154e+01   1.000000e+00  0.00048203834951
 4.053846e+01   1.000000e+00  0.00051954520893
 4.161538e+01   1.000000e+00  0.00055397123123
 4.269231e+01   1.000000e+00  0.00059087770875
 4.376923e+01   1.000000e+00  0.00062772248687
 4.484615e+01   1.000000e+00  0.0006678521738399999
 4.592308e+01   1.000000e+00  0.00070174851093
 4.700000e+01   1.000000e+00  nan
